lock_stat version 0.4
-----------------------------------------------------------------------------------------------------------------------------------------------------------------------------------------------------------------------------
                              class name    con-bounces    contentions   waittime-min   waittime-max waittime-total   waittime-avg    acq-bounces   acquisitions   holdtime-min   holdtime-max holdtime-total   holdtime-avg
-----------------------------------------------------------------------------------------------------------------------------------------------------------------------------------------------------------------------------
                           &pool->lock/1:           419            419           0.07          60.57        1735.57           4.14          18652          47750           0.07         125.39       89524.53           1.87
                               &rq->lock:           387            390           0.16          39.46        1455.28           3.73          22670         214335           0.11         239.86      514526.50           2.40
                         &tty->ctrl_lock:           137            137           0.19           1.27          57.03           0.42           9029          27377           0.08          13.00       12223.71           0.45
                         tasklist_lock-W:            41             41           0.14          39.06         129.47           3.16           7885          22350           0.27         178.75      108259.60           4.84
                         tasklist_lock-R:            81             81           0.13           0.88          37.80           0.47           7857          13400           0.15          72.48        9446.59           0.70
                   &futex_queues[i].lock:            93             93           0.10           0.56          23.35           0.25            682           1183           0.05           8.60         522.09           0.44
                              rcu_node_1:            78             84           0.17           2.83          39.90           0.48           5958          44486           0.08          56.03       12945.80           0.29
                             &zone->lock:            42             42           0.24          11.12         132.65           3.16          11119          25583           0.16          73.37       42463.79           1.66
                         &tty->read_wait:            31             31           0.19           0.74          11.57           0.37           9406          59662           0.06         158.85       67933.57           1.14
                       &lruvec->lru_lock:            22             22           0.18          17.61          73.73           3.35          10086          76227           0.12          58.06       85649.62           1.12
