lock_stat version 0.4
-----------------------------------------------------------------------------------------------------------------------------------------------------------------------------------------------------------------------------
                              class name    con-bounces    contentions   waittime-min   waittime-max waittime-total   waittime-avg    acq-bounces   acquisitions   holdtime-min   holdtime-max holdtime-total   holdtime-avg
-----------------------------------------------------------------------------------------------------------------------------------------------------------------------------------------------------------------------------
                      &mm->mmap_lock#2-W:           988           2028           0.13        4144.87      215119.52         106.07           5262          34387           0.07        6485.22      393091.59          11.43
                      &mm->mmap_lock#2-R:          2499           6669           0.13        4134.46      533993.91          80.07           9190         754270           0.09        6703.77     4496747.37           5.96
                               &rq->lock:          8391           8407           0.12         485.07       51277.73           6.10         230104        1729108           0.10        1278.87     5922904.40           3.43
                   &futex_queues[i].lock:          4246           4251           0.07         360.85        2207.77           0.52         115791         148187           0.05         487.09      100055.48           0.68
                      ptlock_ptr(page)#2:          3539           3544           0.07         173.42        9237.97           2.61          76426         896608           0.10        1070.14     1522675.91           1.70
                             &ep->lock-W:          2066           2066           0.08         184.35        2398.83           1.16         141559         642928           0.05         253.03      185098.45           0.29
                             &ep->lock-R:          1116           1120           0.10         247.19         655.13           0.58         213424         400067           0.06         295.16     1341832.35           3.35
                       &lruvec->lru_lock:          2330           2334           0.12         486.38        5257.12           2.25          32184         136014           0.10         240.32      283910.94           2.09
                                &u->lock:          2107           2107           0.08         102.54        1157.91           0.55         339963        1275199           0.07         252.62      460722.16           0.36
                             logbuf_lock:          1785           1793           0.06          29.64         687.23           0.38           3475          53098           0.07          68.81       17972.74           0.34
