lock_stat version 0.4
-----------------------------------------------------------------------------------------------------------------------------------------------------------------------------------------------------------------------------
                              class name    con-bounces    contentions   waittime-min   waittime-max waittime-total   waittime-avg    acq-bounces   acquisitions   holdtime-min   holdtime-max holdtime-total   holdtime-avg
-----------------------------------------------------------------------------------------------------------------------------------------------------------------------------------------------------------------------------
                               &rq->lock:          5845           5890           0.07         347.66       38597.66           6.55         252727        1458065           0.10         716.62     7068527.25           4.85
                   &futex_queues[i].lock:          5734           5739           0.06         178.50        1998.80           0.35          24223          37423           0.05         212.41       25434.36           0.68
                             logbuf_lock:          1578           1584           0.07         146.14        1101.81           0.70           4186         269209           0.07         148.52       83141.67           0.31
                            jiffies_lock:          1067           1067           0.22          18.14        1566.53           1.47          47653          73993           0.10         142.93      184613.20           2.50
                              &man->lock:           977            987           0.15         134.82       17432.37          17.66          19544         160076           0.13         689.80     1391317.28           8.69
                              rcu_node_1:           609            726           0.14          25.53         586.50           0.81          27630         263657           0.09         194.41      136703.39           0.52
                      &mm->mmap_lock#2-W:           151            307           0.17         632.82       10708.18          34.88           1278          48228           0.17       15991.29      472830.27           9.80
                      &mm->mmap_lock#2-R:           169            343           0.23        1112.40       12938.97          37.72           1776         268524           0.09        1695.33     1319720.32           4.91
                           &pool->lock/1:           580            580           0.15         190.95        5896.22          10.17          22509          79821           0.06         312.37      295537.24           3.70
                             &glob->lock:           524            528           0.10           1.60         124.21           0.24           7221         907062           0.06         202.78      212044.01           0.23
