lock_stat version 0.4
-----------------------------------------------------------------------------------------------------------------------------------------------------------------------------------------------------------------------------
                              class name    con-bounces    contentions   waittime-min   waittime-max waittime-total   waittime-avg    acq-bounces   acquisitions   holdtime-min   holdtime-max holdtime-total   holdtime-avg
-----------------------------------------------------------------------------------------------------------------------------------------------------------------------------------------------------------------------------
                             logbuf_lock:          4505           4514           0.06          60.05        1957.28           0.43          12264         480990           0.07          81.23      138368.64           0.29
                   &futex_queues[i].lock:          4000           4003           0.06           2.78         799.21           0.20          11237          15749           0.05         460.07        6384.17           0.41
                               &rq->lock:          1517           1521           0.13         199.33        8008.22           5.27          54668         435234           0.10         371.49     1579636.44           3.63
                          &xa->xa_lock#3:           873            874           0.07          17.84         261.10           0.30           4253          87067           0.13         215.43       51212.49           0.59
                             &glob->lock:           579            583           0.10          35.59         182.04           0.31           7760         653946           0.08         258.00      150607.20           0.23
                              &man->lock:           386            392           0.17         127.03        7615.74          19.43           9007          99748           0.13         589.03      769847.19           7.72
                         &glob->lru_lock:           353            357           0.14          41.26        2221.84           6.22           8447         121540           0.06         147.78       41362.35           0.34
                              rcu_node_1:           235            280           0.18          28.06         271.24           0.97          10739          90640           0.09          91.03       36601.93           0.40
                                &u->lock:           246            246           0.08           1.04          76.55           0.31          69308         225722           0.08         284.59      106279.43           0.47
                             &ep->lock-W:           119            119           0.12         135.19         257.33           2.16          22368         232974           0.08         164.40       58367.51           0.25
