lock_stat version 0.4
-----------------------------------------------------------------------------------------------------------------------------------------------------------------------------------------------------------------------------
                              class name    con-bounces    contentions   waittime-min   waittime-max waittime-total   waittime-avg    acq-bounces   acquisitions   holdtime-min   holdtime-max holdtime-total   holdtime-avg
-----------------------------------------------------------------------------------------------------------------------------------------------------------------------------------------------------------------------------
                           &pool->lock/1:           105            105           0.13          17.15         539.77           5.14           1113           3049           0.09         129.94        7650.49           2.51
                   &futex_queues[i].lock:           103            103           0.12           1.38          29.70           0.29            582            922           0.05           4.32         571.33           0.62
                               &rq->lock:            84             84           0.21        2231.57        2690.62          32.03           4627          29120           0.10        2371.40      133598.70           4.59
                            jiffies_lock:            20             20           0.32           3.95          27.63           1.38            955           1464           0.12          68.14        3452.35           2.36
                              rcu_node_1:             7              9           0.27           1.42           6.87           0.76            374           4089           0.12          72.80        2181.87           0.53
                                &u->lock:             3              3           0.22           0.50           1.19           0.40           1828           4624           0.12         136.04        3868.51           0.84
                             &ep->lock-W:             1              1           1.44           1.44           1.44           1.44            659           9332           0.13          65.87        3490.21           0.37
                             &ep->lock-R:             2              2           0.30           0.74           1.05           0.52            723           1080           0.14          94.63        1971.56           1.83
                             &p->pi_lock:             3              3           2.62          14.51          27.97           9.32           1624           6060           0.12        2375.20       86792.80          14.32
                             &pool->lock:             2              2           0.26           7.87           8.13           4.07             67           1459           0.08          60.64        6027.50           4.13
