lock_stat version 0.4
-----------------------------------------------------------------------------------------------------------------------------------------------------------------------------------------------------------------------------
                              class name    con-bounces    contentions   waittime-min   waittime-max waittime-total   waittime-avg    acq-bounces   acquisitions   holdtime-min   holdtime-max holdtime-total   holdtime-avg
-----------------------------------------------------------------------------------------------------------------------------------------------------------------------------------------------------------------------------
                               &rq->lock:           359            360           0.12          70.09        1817.33           5.05          19006         133037           0.10         376.13      407241.28           3.06
                   &futex_queues[i].lock:           113            114           0.11          19.12          54.67           0.48           1354           2322           0.06         213.29        1813.39           0.78
                              rcu_node_1:            83             92           0.18          17.88          77.53           0.84           6112          50670           0.09          36.58       17194.20           0.34
                      &mm->mmap_lock#2-W:            18             33           0.24         188.23         843.09          25.55            135          37911           0.16         790.91      177618.61           4.69
                      &mm->mmap_lock#2-R:            10             29           0.34          56.44         297.87          10.27            704         742943           0.11        1161.13     3072067.74           4.13
                            jiffies_lock:            40             40           0.25           3.89          50.50           1.26           2095           9293           0.12          41.69       10384.89           1.12
                         tasklist_lock-W:            16             16           0.19          33.64         160.30          10.02            220           1680           0.25          54.25       13567.87           8.08
                         tasklist_lock-R:             0              0           0.00           0.00           0.00           0.00           1132           2725           0.16         123.65        2095.32           0.77
                       &lruvec->lru_lock:            11             13           0.24           4.29          24.83           1.91            930          75705           0.11          65.22      207788.79           2.74
                       &sighand->siglock:            11             11           0.14           8.32          20.47           1.86           2249          10772           0.10          90.59       13713.05           1.27
