lock_stat version 0.4
-----------------------------------------------------------------------------------------------------------------------------------------------------------------------------------------------------------------------------
                              class name    con-bounces    contentions   waittime-min   waittime-max waittime-total   waittime-avg    acq-bounces   acquisitions   holdtime-min   holdtime-max holdtime-total   holdtime-avg
-----------------------------------------------------------------------------------------------------------------------------------------------------------------------------------------------------------------------------
                   &futex_queues[i].lock:           138            138           0.09          13.64          55.67           0.40            725           1136           0.05          50.63         716.76           0.63
                               &rq->lock:            87             89           0.14          73.88         600.61           6.75           4060          26644           0.10         122.35      115391.03           4.33
                            jiffies_lock:            22             22           0.24           3.12          30.22           1.37            833           1346           0.12          33.77        3224.21           2.40
                              rcu_node_1:            20             21           0.22           1.31          13.63           0.65            508           5093           0.12           7.76        2491.89           0.49
                       &sighand->siglock:            10             10           0.28           1.77          11.70           1.17            468           2248           0.12          76.29        4397.02           1.96
                         tasklist_lock-W:            10             10           1.67          24.14          95.34           9.53             36             63           0.37          31.93         302.57           4.80
                         tasklist_lock-R:             0              0           0.00           0.00           0.00           0.00             15             30           0.18          68.96         118.77           3.96
                      &mm->mmap_lock#2-W:             2              2          47.15         128.27         175.42          87.71             22            630           0.18         389.98        7383.11          11.72
                      &mm->mmap_lock#2-R:             6              6           0.77         297.32         452.17          75.36             38           1628           0.18         150.57       15062.99           9.25
                          vmap_area_lock:             4              4           0.22           2.36           3.40           0.85             20            411           0.13          16.76         434.23           1.06
